

1001011101000000100011111010001 
1110001010110111000110000011101 
1001100101000010111111100010110 
1000100100010010111110100010110 
1011100111000100011001110110011 
1001000111000011011001010000011 
1000000110010011011000010000011 
1000011100010000100010111010001 
1100001010011110010110100110000 
1010100110010100011000110110011 
1101001011001110010111100110000 
1111001011100111000111000011101



0101110011100101010101001111100 
0001100101101011100001010011101 
0110001000110001101110000011110 
0100001010110111001000010111011 
0010100100010010110000110110000 
0000100100111011100000010011101 
0101101001100110101111100101110 
0111001001100001101111000011110 
0100110010110101010100001111100 
0011100101000010110001110110000 
0101001011100111001001010111011 
0100101000110110101110100101110